   variable relative_importance scaled_importance percentage
1  LATWGS84   8184630272.000000          1.000000   0.067419
2   I04MOD4   4921287680.000000          0.601284   0.040538
3   T05MOD3   2836101376.000000          0.346516   0.023362
4   VW3MOD1   2779622912.000000          0.339615   0.022897
5   T10MOD3   2256940288.000000          0.275753   0.018591
6   VBFMRG5   2136827264.000000          0.261078   0.017602
7   T09MOD3   1857324416.000000          0.226928   0.015299
8   DVMMRG5   1781749504.000000          0.217695   0.014677
9   P05MRG3   1675814144.000000          0.204751   0.013804
10  VW5MOD1   1591279744.000000          0.194423   0.013108
11  T04MOD3   1536648192.000000          0.187748   0.012658
12  TWIMRG5   1495854720.000000          0.182764   0.012322
13  VDPMRG5   1487120640.000000          0.181697   0.012250
14  SLPMRG5   1487039360.000000          0.181687   0.012249
15  T06MOD3   1402594304.000000          0.171369   0.011554
