   variable relative_importance scaled_importance percentage
1   I04MOD4       328019.437500          1.000000   0.062570
2  LATWGS84       144114.890625          0.439349   0.027490
3   I10MOD4       132809.671875          0.404884   0.025334
4   T05MOD3       118905.015625          0.362494   0.022681
5   T06MOD3       104626.304688          0.318964   0.019958
6   VW3MOD1       103459.195312          0.315406   0.019735
7   I05MOD4        94460.031250          0.287971   0.018018
8   DVMMRG5        92543.562500          0.282128   0.017653
9   VBFMRG5        88078.226562          0.268515   0.016801
10  P05MRG3        83906.671875          0.255798   0.016005
11  M05MOD4        83071.765625          0.253253   0.015846
12  P11MRG3        75536.890625          0.230282   0.014409
13  T10MOD3        69963.562500          0.213291   0.013346
14  ASSDAC3        66338.070312          0.202238   0.012654
15  T04MOD3        62864.386719          0.191648   0.011991
